19.5
24
4.5
14.5
31.67
61.83
86.67
87.17
98.5
94.5
87.5
78.33
5.83
-6
-18.83
24.83
72.67
69.67
108.33
101.67
94.67
75.67
87.5
79.5
13.33
9.67
10.33
38.33
58
81
89.67
98.67
84.67
82.83
81
80.83
18.5
0.33
12.17
21.5
82.67
82.17
103.5
88.33
65.67
90.33
76.17
88.33
25.33
13.83
18
43.17
90.5
103.33
79.33
101.5
115.67
111.33
122.83
118
8.67
7
25.33
48.17
58.5
78.17
105
86.83
108
113.67
146.83
124.83
6.33
-3.17
-7.83
36.83
84.83
64
84.17
86.67
98.67
102.67
83.33
115.83
1.5
30.17
8.83
7.67
3
79.83
85.83
100.83
53.5
93
80.67
95
9.17
1.83
18.33
17.5
8.5
33.33
73.33
75
120.83
105.33
92.33
102.5
-3.17
-2
11.33
12
28.33
36
50.83
53.33
63.17
64.5
90.33
83.33
-0.33
14.67
23
18.17
7.67
25.83
23.17
41.67
54.33
36.33
83
79
-11.67
18.33
16.17
12
9.17
9.17
22.67
26.33
13.5
20.5
35.83
25.83