100 135 1805 132 165 465 1320 1354 3542 3248 71 100 135 1805 132 165 465 1320 1354 3542 3248 71 12 1243 123
64 456 548 12 123 1241 123 1424 123 123 64 456 548 12 123 1241 123 1424 123 123 14 124 1234 5325 252
1 564 919 4234 234 1 564 919 4234 234 1 564 919 4234 234 1 564 919 4234 234 1 564 919 4234 234 
100 135 1805 132 165 465 1320 1354 3542 3248 71 100 135 1805 132 165 465 1320 1354 3542 3248 71 12 1243 123
64 456 548 12 123 1241 123 1424 123 123 64 456 548 12 123 1241 123 1424 123 123 14 124 1234 5325 252
1 564 919 4234 234 1 564 919 4234 234 1 564 919 4234 234 1 564 919 4234 234 1 564 919 4234 234 
100 135 1805 132 165 465 1320 1354 3542 3248 71 100 135 1805 132 165 465 1320 1354 3542 3248 71 12 1243 123
64 456 548 12 123 1241 123 1424 123 123 64 456 548 12 123 1241 123 1424 123 123 14 124 1234 5325 252
1 564 919 4234 234 1 564 919 4234 234 1 564 919 4234 234 1 564 919 4234 234 1 564 919 4234 234 
100 135 1805 132 165 465 1320 1354 3542 3248 71 100 135 1805 132 165 465 1320 1354 3542 3248 71 12 1243 123
64 456 548 12 123 1241 123 1424 123 123 64 456 548 12 123 1241 123 1424 123 123 14 124 1234 5325 252
1 564 919 4234 234 1 564 919 4234 234 1 564 919 4234 234 1 564 919 4234 234 1 564 919 4234 234 
100 135 1805 132 165 465 1320 1354 3542 3248 71 100 135 1805 132 165 465 1320 1354 3542 3248 71 12 1243 123
64 456 548 12 123 1241 123 1424 123 123 64 456 548 12 123 1241 123 1424 123 123 14 124 1234 5325 252
1 564 919 4234 234 1 564 919 4234 234 1 564 919 4234 234 1 564 919 4234 234 1 564 919 4234 234 