1
9.33
1.67
15.67
13.17
16.33
45.5
65.17
68.83
117.83
82.67
99.83
-13.33
15.83
12.33
16
14
31.17
64
65.83
74.5
68.83
83
103
17.5
1.33
19
-4.5
23.33
33
57.17
76.67
81.33
89.33
76.5
81.33
-5
4.17
5.17
-10.83
17.5
18.67
37.17
66.33
77.67
93
94.5
85
22.33
22.67
-5.5
-9.33
3.33
39.17
77.5
65.67
79.5
86.67
104.83
120
-1.67
-5.17
13.17
0
13.17
20.17
69
64.17
97
85.33
95.83
99.67
12
22.83
27
-0.83
8
-2.67
36.67
61.33
43
76
93.83
85.83
12.83
-0.67
3.83
13.5
-5.33
-2
28.83
73.67
69.83
65.67
68.67
101.5
11
19.83
11.67
15.67
-0.5
13.5
18.33
28.33
64.5
93.83
93
84.33
13.17
13.17
4.17
19.83
24.17
8.83
13
11.67
42.67
57.33
40.17
86.83
22.17
-5.17
5.17
-6.17
10.33
5
18.67
10.67
-1.5
68.67
48.67
33.17
-8
5.5
5.5
-6.33
0.67
21.83
30
18.17
13.17
36.17
26.83
34.17