18.5
4.33
-4
6
37.17
53.67
91.83
78
80.83
70.83
80.33
75.17
8
23.33
26.33
30
58.5
58
87
83.5
94.17
72.5
64.5
63.33
-1.83
-5.67
13
19.83
45.33
59.17
66.17
84.33
74
61.17
96
69.17
-7.33
-10.33
-2.67
20.67
62.17
60.83
86
78.33
69
119
101.33
50.83
-2
30.83
44
17
59.33
92
69.5
92.83
105
98.5
130.83
105.5
-17
15.83
26.5
23.67
61.5
63.67
77.17
72.83
102.33
93.5
107.83
86
17.67
-4.17
3.33
4
48.83
87
107.17
97.5
73.17
76
110.17
84.67
-7.67
13.83
9.17
0
2.67
2.67
33.5
58.83
49.33
68.67
80.33
94.17
9.83
10.33
6.5
-3.17
19.17
24.83
13.67
38.17
51.83
48.83
87.33
97
5.67
-10.33
24.17
7.83
-0.5
17
14.17
27.17
25.5
60.83
79.33
57.33
15.5
-1
9.5
-3.17
7.33
21.67
18.17
15.5
32.33
30.67
36.5
50.33
4
5.33
5.83
2.67
12
4.17
15.67
0.5
-4.5
19.5
2.83
5