-5.67
25.5
2.17
8
13.5
27.67
13.83
56.33
77.83
84.83
77
82
13.5
11.17
10.33
9.5
8.33
31
63.67
74.5
100
94
126.83
98
-7.5
7.33
29.67
12.67
35.83
44.67
82.17
91.5
109
106
82
82.33
11
16
7.67
33.5
15.83
55
91
74.67
115.83
101.5
94.5
82
25
21.17
3.33
35
47.17
71.83
63.67
75.5
74.67
88.67
92
71.83
-4.67
-3.5
11.5
17.67
39.83
64.17
89.17
127.5
84.67
76.17
78.17
95.5
1.67
6
2.17
9.67
35.33
64.5
89
60.17
85.17
93.17
124
95.33
-5.67
18.5
5.83
14.5
43.5
53.33
57.33
84.17
88
79.33
105.33
99.67
-0.33
16.33
6.83
-5
26.17
10.5
39.83
62
93.67
82.33
110
82
13.83
30.5
11.33
19.5
28.83
4.33
50.33
55.33
40.5
106.5
103.67
88.83
-1.17
12.67
19.33
9
12.17
13.83
19.5
31.5
47.83
58.17
56.83
73.67
-10
21.17
5.5
-10.5
18.17
4.67
6.5
4
5.67
27.67
31.67
48.5
