4
-5.33
0
2.33
8.17
11
0.83
-2.67
-7.83
7.33
37.67
44.5
10.67
33.83
39.5
17.33
28.33
15.5
10
-0.33
-26.83
-0.17
-5
0
10.17
-12.17
12.33
2.5
-23.67
13.83
17.83
22.5
28
38.5
46.17
44.17
67.17
30.17
42
5.17
3.17
-5
1.83
0.67
8.67
-9.17
17.33
6.17
5.67
-1.33
0.67
36.33
41.83
63.33
62.83
101
84.83
73
71.33
75.17
-14.83
17
9
9.67
27.33
9.83
16.17
-11.17
5
27.83
37.17
52.67
58
107
68.33
83.83
80.17
92.33
99
61.33
18.67
38
29
4.83
20.83
16.67
17.5
28.17
29.83
3
39.33
64
68.33
87.67
69.17
80.5
54.33
81.83
64
46.17
18.83
49.83
46.33
47.17
33.5
10.33
6.33
30.5
36.33
45.67
51.67
102.33
64.83
77.83
45.33
54.67
44.67
45.17
53.5
52.5
25.83
18
69.5
60.67
30.83
59.17
7.67
26
40.67
47.67
39.67
52.67
64.33
75.33
60.5
30.5
9.17
34.83
20.67
30.83
22.33
22
50.67
59.83
45.5
44.83
27.33
5.83
28.83
10.33
30.33
85
59.33
61.5
54.5
29.5
27.33
27.83
-6.17
7.5
20.67
22.17
44.83
58.17
39.5
41.5
16.83
18
6.5
28
21.17
69.5
76.33
59.83
74
45.5
45.67
5.17
23.17
20
-9.67
39.83
44
52
41.83
21.83
17.5
27
15.5
9
43.67
60.5
81.5
68.67
69.83
80.5
34.33
23
25.83
28
12
28.83
51.83
60.67
35
50.83
-4.5
21.33
12.83
22.17
23.5
24
83.17
91.33
72.17
64.17
56.5
29.5
50
24.83
6.83
34.33
44.83
60.33
66.83
39
16.67
9.33
23.33
17.33
16.33
45.67
38
55.33
84.5
67.33
35.83
53.67
59.17
57.83
12.17
8
34
56
69
76.67
22.83
26.67
21
32.33
34.67
24.17
6.17
51.5
36.33
59.17
54.33
94.17
73
68.67
32
28.5
71.33
62
37.67
26.17
22.33
16.67
7.83
11
24.83
28.33
12.83
20.67
33.33
30.33
65.83
74
68.33
80.5
25.17
18.33
57.17
30.5
47.5
-1.17
3.67
5.17
34.83
36.5
64.33
37.5
30
14.33
32.17
24.83
44.83
50.67
49
81.33
50.17
72.17
55
56.17
9
4.5
3.83
-0.83
32.17
83.83
97.83
70
33.5
40.67
16.33
8.83
11.33
35
56.83
69.5
27
41.67
38.17
50.67
36.33
23.5
7.5
10.83
57.67
69
77.67
84.5
90.17
62
34.83
30.33
31.67
47.83
73.5
78.83
27
60.67
44.67
27.17
19.67
20.17
0.5
30.67
37.17
62.33
83
97.67
80.17
96.17
57.17
43.67
44.17
38
44.33
64
43.33
36.83
67.17
51
31.5
8.33
18.83
20.17
16.67
43.33
51.83
66.5
109.83
115.5
121.33
82.67
93.5
67
58.67
63.67
57.33
35
28
8
14.67
2.17
-12.83
29
34.83
24.17
50.67
54.17
76
102.83
92
72.67
81.5
78.67
52.33
65.33
11.83
22.67
14.5
0.5
17.17
5.5
3.5
2.67
1.33
14.5
18.5
64
21.83
68
68.17
59.67
56.5
38.17
34.67
50
