10
6.5
7.5
-7.83
-10.33
-11
-2.33
2.67
2.33
-17.5
-2.5
2.33
8.17
-2
10.17
-3.17
2.5
-3.83
-17.17
-14.67
-8
-9.17
2
8.17
-12.17
-2
-4.67
4.17
7.67
-8.33
1.83
-9.33
32.33
11
-13.83
1
-7
3.33
7.67
7.67
18.5
1.83
2.17
-8
0.33
7.5
-0.83
6.33
13.33
28.5
24.5
20
25.33
32.17
2.5
17.5
28.17
26.5
-3.67
28.33
7.83
20.5
26.5
10
3.83
14.67
16.83
21.5
2.5
14.33
20.5
41.33
25.83
22.17
64.33
49.67
39
37.33
12.17
12
16.5
11.5
12.67
17
13
14.17
32.33
34
9.67
20
13.5
19.17
10.33
35.5
42
29.83
10.33
23.67
44
22.17
33.33
6.17
10.5
3.33
11.67
12.67
30.83
34.67
29.67
55.5
67
65.67
77.67
24.83
24.5
4.17
41.33
3.5
16.83
3.5
41.67
19.17
54.33
41
70.5
53.17
48.67
73.83
69.17
49.83
65.83
33.83
44.5
62.33
58.17
61.67
35
29
18.5
31.83
3.83
58.17
55.67
40.67
73.83
70.17
75.17
71.67
56.67
63.67
21.67
14.67
12.17
21
0.17
35.83
33.67
45.33
61.5
107.5
98.83
110.17
110.83
108.33
115.33
105
115.17
104.67
79.5
91.83
71
56.33
44
24.83
44.67
38.67
42.17
66.33
82.5
120.67
119.83
124.5
116.5
100.5
79.83
66.17
75.33
34.5
59.17
24.17
25.33
25.33
19
43.67
69.83
96.5
122.5
100.17
119.67
154.83
148
178.67
171.5
153.33
137.17
114.83
94.83
86.33
97.67
75.83
22
37.5
41.83
55.17
46.5
75.5
89.17
115.33
92.67
86.5
97.33
61.33
43.33
73.67
51.67
68.33
52.33
27
36.83
29.33
24.17
34.5
54
105.5
129.83
134.83
148
165.5
162.67
175.5
164.17
141
114.17
76.33
93.83
68.5
79.17
41
37.83
32.33
52.83
67.83
101.83
121.67
93.17
109.5
65
52.83
62.17
47
53.5
55
12.5
21.5
41
14.17
9.33
22.33
46.33
55.67
72.5
70.67
70
112.33
141.5
148.67
168.17
139.17
136.83
110.33
79
66.83
68.17
56.17
37.17
28.33
65.33
67.67
105.5
101.33
137.83
89.67
72
40.5
20.5
13.83
42.33
43.5
43.83
44.5
17.5
33.17
34
27.17
22.83
42.83
19.67
67
64.33
87
91.83
151.33
148.5
153.17
183
126.17
83.33
66.17
51.5
33.83
34.33
36.33
49.5
85.67
99.33
122.17
108.67
113
71.17
67.5
44.33
33
27
35.33
33.17
12.67
25.67
30.83
27.17
37.5
46.67
38
38.17
26
38.83
29.5
39
80.33
114.83
153.83
179
181
130.5
85.67
69
50
25.33
62.83
49
55.83
67.17
103.33
115.33
127.5
98.33
100.5
59.83
38.17
38.67
26.17
10.83
56.33
31.17
16
23.5
31.17
30.67
35.67
37
39.5
57
44.5
42.17
40
47.33
77.5
150.83
161.67
173.17
124.5
73.83
69.33
38.83
34.67
27.67
44.33
57.33
67.33
111.5
104.67
133.33
101.33
73.83
58.67
52.17
36.5
49.83
35
45.33
43.83
36.83
14.17
41.67
26.33
32.17
39.5
27.83
27.17
51.5
31
60.83
67.33
108.33
149.67
184.17
161
126
86.5
65.17
38.83
37.17
38.67
41.5
59.83
83.83
105.5
130.5
133.17
100.83
78.17
62
35.83
26.83
41.17
65.17
44.17
47.67
14.17
19.17
28.33
32.5
37.83
24
42
55.17
43.83
30
33.83
72.33
104.17
151.67
145.33
159.17
105.17
94.17
29.5
32.33
35
37.33
39
57
107.67
96.33
122
105.33
116.83
100.33
70
69.83
50.17
66.33
73.5
43.67
74.5
43.5
26.17
28
27
18.67
37.67
36.33
36.33
26.67
64.83
45.17
58.17
73.83
109.17
156.17
129.5
118.67
68
41.33
32
29
34.67
22.83
53.83
54.5
82.33
91.83
98.33
95.33
73
41.5
53.33
40.5
30
78.17
92.33
53.17
76.17
43.17
32
45
43.17
35.67
36.5
10
32.5
29
23.17
49.67
88
97
154.33
130.33
123.83
55.5
26.83
34.5
26.17
39
50.83
31.33
47.83
89.5
112
79
108.17
92
60.33
37.5
37.83
42.17
78.33
83.83
51.67
69
28.83
30.17
18.5
18.17
30.17
40
41.67
34.67
36.83
23.17
45
83
104.67
124.67
127.33
107.5
71.33
53.17
43.83
18.33
33.17
17.33
34.5
35.67
85.83
89.67
108.83
94.83
44.5
52.33
50.83
35.83
43.83
74.83
77.17
65.5
50.5
49
38.5
5.5
31.5
30.83
38.67
38.83
25.67
41
36.17
45.5
87.5
140
133.33
135.5
89.33
63.5
37.83
28.5
2.5
51.67
39.33
38.67
47.67
75.5
98.67
109.33
107.33
77
72.33
58.5
61.33
40.83
74.5
98.67
87.83
86.17
43
33
33.67
33.33
32.33
37.83
42.83
28.33
34
38.83
70.33
62
108.17
141
94
99.33
52
46
36.33
24.17
49.33
26.33
54.83
32
43
80.17
81.17
94.5
85.17
82.33
84.83
54.83
74.5
79
81.17
48.83
55
36.67
42
37.67
27.5
33.17
36.67
27.67
70
30.67
53.67
59
82.17
112.67
104.83
132.83
90.83
58.67
37.67
49.67
50.5
31.83
28.67
38.83
32
38.67
69.83
92.83
86.67
127.83
106.17
103.67
96.5
80.67
90.17
84
43.67
41.17
28.33
17.5
18.33
27.67
40.67
13.33
33.83
10
13.33
50.33
58.33
66.5
92.5
103.83
114.17
87
57.33
20.17
23.5
29
19
22.5
39.33
30.5
19.83
43.67
73.83
48.67
72.33
105.67
108.5
109.67
109.33
37
55.83
28.67
7.83
18.67
17.67
27
23.83
25.5
31.67
22
11
19.17
39.5
45.83
48
58.33
82.17
83.17
34.83
42
14.33
21.5
38
7.67
31.5
39.83
35.33
38
23.5
23.17
63.33
87.33
78
84.5
91.33
74.67
