-80.33
-115.17
-96.33
-67.5
-71
-52.17
-34.5
8.17
9.33
-2
-2.17
-8.83
-81.83
-79.17
-87.33
-87.5
-52.83
-24.83
1.5
2.17
0.83
1
1.33
-1.83
-77.33
-103
-82.83
-57.17
-45.17
-2.17
-2
5
8.33
19.67
-3.67
-5.5
-94
-72.17
-71.33
-71.67
-31.83
-17.83
-0.83
14
14.83
20.33
45
27.33
-84.5
-86.83
-64.33
-56.33
-26.83
-17.5
-6.83
2.5
31.33
38.33
56.83
36.17
-81.67
-76.5
-81
-31.5
-30.67
2.83
2
29.33
23.83
53.67
80.83
47.17
-70
-80.33
-83
-83.67
-53.5
-39.67
-4.33
-3
17.83
6.5
54.5
53.5
-82.67
-89
-75
-64.5
-68.67
-20.83
-30
9.17
-5.67
27.33
25
10.67
-60.5
-97.17
-91.17
-84
-72.33
-46.17
-25.17
23.83
-3.67
-13.5
15.5
-8.83
-79.67
-66.83
-84.5
-72.17
-69.17
-61.83
-27.5
-6.67
-10
-3.17
29.67
3
-66.5
-80.83
-74
-83.17
-63.17
-71.83
-68.5
-65.67
-16.83
-30.17
-13.33
7.67
-71.83
-70.17
-81.33
-86.5
-77.67
-80.17
-65
-64.5
-54.83
-74.33
-54.17
-57