40.67
27.33
24.67
76.83
85.5
116.5
121.5
119.33
104.33
75.33
74.5
29.33
42.33
34.33
14.33
61.17
47
71
93.5
111.33
44.33
19
25.83
55.17
71
110.67
149
144
126.17
79.33
76.33
33.67
33
21.33
43.17
27.33
36.83
66.17
92.33
101.33
15.83
15.33
42.17
30.67
81.17
86.5
145.33
171
147
109.33
60.17
40.67
33.17
26.33
18.67
24.83
62
74.83
123
133.33
29.5
42
21.17
47
66.17
116
155.17
166.67
162.17
92.17
31.33
43
11.33
35.17
18.83
18.17
41.67
63.5
89
105.17
32.67
28
15.83
48.33
88.33
117.83
153.83
159.5
96.17
98.83
61
51.33
38.33
19.83
32.5
53.33
34.67
52
88.83
128.33
31.5
16.83
60.33
78
124
124.5
182.33
165.83
130.5
85.83
47.5
61.67
28.67
25.67
33.17
66.67
58.33
58.83
105.83
123.33
25.83
17.67
47.83
79
119.17
122.5
148.67
158.33
106.33
69.83
48.5
34.17
39.67
35
41.5
31.33
51.33
83.83
100.17
115.5
36.83
35.5
27.17
54.17
78.67
117.67
161.67
145.5
93.5
83.5
8.83
31
33.33
35.67
34.17
49.17
36.5
75.5
96.33
90.5
9.83
24
48.83
41.33
66
126
140
132.83
119
86.67
18.67
26.33
22
30.17
19.83
38.17
43.67
83.67
100.17
106.83
31.17
18.5
42.83
21.67
76.17
120.5
130.17
158.67
123
105.67
49
37.67
33.67
32.83
23.17
28.17
74.67
75
88.83
104.33
30.17
48
44.67
31.83
87.17
124
132.17
141.33
78.5
69.33
21.67
56.33
44.33
32.67
55.67
38.33
71
90.17
87.17
110.83
10.5
12.83
28.83
54.83
73.5
87
123.83
176.17
102
55
51
67.33
29.33
53.33
47.67
55.67
87
97.33
120.83
87.17
20.5
13.5
55.33
19.17
68.5
64.67
104.17
101.33
99.17
100.83
62.67
35.5
44.5
60.33
89.17
110.17
105.67
101.83
83
47
12.17
36.67
13
31.83
58
33.67
76.5
101.67
112.17
147
130.67
103.67
72.33
80
79.17
102
93.5
133.33
102
52.67
29.17
28.67
26.33
39.17
47.5
24.5
81.33
72.5
110.5
116.5
121.17
123.83
125.67
121
89.5
121.67
94.67
109.83
71.67
58.17
46.67
34.67
18.33
37.67
8.67
26.5
38.17
51.5
82
73.33
121
122.17
134.67
110
100.33
106.5
93.33
71.83
62.33
24.17
37.33
34.5
14.33
38.33
44.17
44.17
24.67
48
33.17
63.67
105
87.5
74.83
99.83
87.33
67.5
68.17
37.33
37.33
32
57.17
46.17
19.67
41.5
47.33
8
33.5
34
37
40.67
63
57.83
44.17
80
61.33
42.83
27.17
27.5
15
30.17
34.67
32.67
36
42.83
37.33
36.17
55.33
30
10.33
32.17
59.5
15.83
47.83
30.83
25.33
12.83
44.67
43.83
25.33
47.83
34.83
24.33
17
44.5
52.67
28.83
10.17
49.83
27.33
30
40.83
59
35
46.33
30.5
42.83
10.33
29.67
13.67
57.33